{
 "cells": [
  {
   "cell_type": "code",
   "execution_count": 216,
   "metadata": {},
   "outputs": [],
   "source": [
    "import pandas as pd\n",
    "import numpy as np\n",
    "import seaborn as sns\n",
    "from matplotlib import pyplot as plt\n",
    "from statsmodels.tsa.seasonal import seasonal_decompose\n",
    "from datetime import datetime\n",
    "from statsmodels.tsa.stattools import adfuller\n",
    "from scipy.stats import boxcox\n",
    "from sklearn.linear_model import LinearRegression\n",
    "from sklearn.metrics import mean_squared_error\n",
    "from pandas.plotting import lag_plot, autocorrelation_plot\n",
    "from statsmodels.tsa.ar_model import AR\n",
    "from math import sqrt\n",
    "from random import gauss, seed\n",
    "from statsmodels.graphics.tsaplots import plot_acf, plot_pacf\n",
    "from statsmodels.tsa.arima_model import ARIMA, ARMA\n",
    "import warnings\n",
    "from numpy import mean\n",
    "warnings.filterwarnings(\"ignore\")"
   ]
  },
  {
   "cell_type": "code",
   "execution_count": 2,
   "metadata": {},
   "outputs": [],
   "source": [
    "series=pd.read_csv('shampoo-sales.csv')"
   ]
  },
  {
   "cell_type": "code",
   "execution_count": 3,
   "metadata": {},
   "outputs": [
    {
     "data": {
      "text/html": [
       "<div>\n",
       "<style scoped>\n",
       "    .dataframe tbody tr th:only-of-type {\n",
       "        vertical-align: middle;\n",
       "    }\n",
       "\n",
       "    .dataframe tbody tr th {\n",
       "        vertical-align: top;\n",
       "    }\n",
       "\n",
       "    .dataframe thead th {\n",
       "        text-align: right;\n",
       "    }\n",
       "</style>\n",
       "<table border=\"1\" class=\"dataframe\">\n",
       "  <thead>\n",
       "    <tr style=\"text-align: right;\">\n",
       "      <th></th>\n",
       "      <th>Date</th>\n",
       "      <th>Sales</th>\n",
       "    </tr>\n",
       "  </thead>\n",
       "  <tbody>\n",
       "    <tr>\n",
       "      <th>0</th>\n",
       "      <td>1/1/2001</td>\n",
       "      <td>266.0</td>\n",
       "    </tr>\n",
       "    <tr>\n",
       "      <th>1</th>\n",
       "      <td>2/1/2001</td>\n",
       "      <td>145.9</td>\n",
       "    </tr>\n",
       "    <tr>\n",
       "      <th>2</th>\n",
       "      <td>3/1/2001</td>\n",
       "      <td>183.1</td>\n",
       "    </tr>\n",
       "    <tr>\n",
       "      <th>3</th>\n",
       "      <td>4/1/2001</td>\n",
       "      <td>119.3</td>\n",
       "    </tr>\n",
       "    <tr>\n",
       "      <th>4</th>\n",
       "      <td>5/1/2001</td>\n",
       "      <td>180.3</td>\n",
       "    </tr>\n",
       "    <tr>\n",
       "      <th>5</th>\n",
       "      <td>6/1/2001</td>\n",
       "      <td>168.5</td>\n",
       "    </tr>\n",
       "    <tr>\n",
       "      <th>6</th>\n",
       "      <td>7/1/2001</td>\n",
       "      <td>231.8</td>\n",
       "    </tr>\n",
       "    <tr>\n",
       "      <th>7</th>\n",
       "      <td>8/1/2001</td>\n",
       "      <td>224.5</td>\n",
       "    </tr>\n",
       "    <tr>\n",
       "      <th>8</th>\n",
       "      <td>9/1/2001</td>\n",
       "      <td>192.8</td>\n",
       "    </tr>\n",
       "    <tr>\n",
       "      <th>9</th>\n",
       "      <td>10/1/2001</td>\n",
       "      <td>122.9</td>\n",
       "    </tr>\n",
       "    <tr>\n",
       "      <th>10</th>\n",
       "      <td>11/1/2001</td>\n",
       "      <td>336.5</td>\n",
       "    </tr>\n",
       "    <tr>\n",
       "      <th>11</th>\n",
       "      <td>12/1/2001</td>\n",
       "      <td>185.9</td>\n",
       "    </tr>\n",
       "    <tr>\n",
       "      <th>12</th>\n",
       "      <td>1/1/2002</td>\n",
       "      <td>194.3</td>\n",
       "    </tr>\n",
       "    <tr>\n",
       "      <th>13</th>\n",
       "      <td>2/1/2002</td>\n",
       "      <td>149.5</td>\n",
       "    </tr>\n",
       "    <tr>\n",
       "      <th>14</th>\n",
       "      <td>3/1/2002</td>\n",
       "      <td>210.1</td>\n",
       "    </tr>\n",
       "    <tr>\n",
       "      <th>15</th>\n",
       "      <td>4/1/2002</td>\n",
       "      <td>273.3</td>\n",
       "    </tr>\n",
       "    <tr>\n",
       "      <th>16</th>\n",
       "      <td>5/1/2002</td>\n",
       "      <td>191.4</td>\n",
       "    </tr>\n",
       "    <tr>\n",
       "      <th>17</th>\n",
       "      <td>6/1/2002</td>\n",
       "      <td>287.0</td>\n",
       "    </tr>\n",
       "    <tr>\n",
       "      <th>18</th>\n",
       "      <td>7/1/2002</td>\n",
       "      <td>226.0</td>\n",
       "    </tr>\n",
       "    <tr>\n",
       "      <th>19</th>\n",
       "      <td>8/1/2002</td>\n",
       "      <td>303.6</td>\n",
       "    </tr>\n",
       "    <tr>\n",
       "      <th>20</th>\n",
       "      <td>9/1/2002</td>\n",
       "      <td>289.9</td>\n",
       "    </tr>\n",
       "    <tr>\n",
       "      <th>21</th>\n",
       "      <td>10/1/2002</td>\n",
       "      <td>421.6</td>\n",
       "    </tr>\n",
       "    <tr>\n",
       "      <th>22</th>\n",
       "      <td>11/1/2002</td>\n",
       "      <td>264.5</td>\n",
       "    </tr>\n",
       "    <tr>\n",
       "      <th>23</th>\n",
       "      <td>12/1/2002</td>\n",
       "      <td>342.3</td>\n",
       "    </tr>\n",
       "    <tr>\n",
       "      <th>24</th>\n",
       "      <td>1/1/2003</td>\n",
       "      <td>339.7</td>\n",
       "    </tr>\n",
       "    <tr>\n",
       "      <th>25</th>\n",
       "      <td>2/1/2003</td>\n",
       "      <td>440.4</td>\n",
       "    </tr>\n",
       "    <tr>\n",
       "      <th>26</th>\n",
       "      <td>3/1/2003</td>\n",
       "      <td>315.9</td>\n",
       "    </tr>\n",
       "    <tr>\n",
       "      <th>27</th>\n",
       "      <td>4/1/2003</td>\n",
       "      <td>439.3</td>\n",
       "    </tr>\n",
       "    <tr>\n",
       "      <th>28</th>\n",
       "      <td>5/1/2003</td>\n",
       "      <td>401.3</td>\n",
       "    </tr>\n",
       "    <tr>\n",
       "      <th>29</th>\n",
       "      <td>6/1/2003</td>\n",
       "      <td>437.4</td>\n",
       "    </tr>\n",
       "    <tr>\n",
       "      <th>30</th>\n",
       "      <td>7/1/2003</td>\n",
       "      <td>575.5</td>\n",
       "    </tr>\n",
       "    <tr>\n",
       "      <th>31</th>\n",
       "      <td>8/1/2003</td>\n",
       "      <td>407.6</td>\n",
       "    </tr>\n",
       "    <tr>\n",
       "      <th>32</th>\n",
       "      <td>9/1/2003</td>\n",
       "      <td>682.0</td>\n",
       "    </tr>\n",
       "    <tr>\n",
       "      <th>33</th>\n",
       "      <td>10/1/2003</td>\n",
       "      <td>475.3</td>\n",
       "    </tr>\n",
       "    <tr>\n",
       "      <th>34</th>\n",
       "      <td>11/1/2003</td>\n",
       "      <td>581.3</td>\n",
       "    </tr>\n",
       "    <tr>\n",
       "      <th>35</th>\n",
       "      <td>12/1/2003</td>\n",
       "      <td>646.9</td>\n",
       "    </tr>\n",
       "  </tbody>\n",
       "</table>\n",
       "</div>"
      ],
      "text/plain": [
       "         Date  Sales\n",
       "0    1/1/2001  266.0\n",
       "1    2/1/2001  145.9\n",
       "2    3/1/2001  183.1\n",
       "3    4/1/2001  119.3\n",
       "4    5/1/2001  180.3\n",
       "5    6/1/2001  168.5\n",
       "6    7/1/2001  231.8\n",
       "7    8/1/2001  224.5\n",
       "8    9/1/2001  192.8\n",
       "9   10/1/2001  122.9\n",
       "10  11/1/2001  336.5\n",
       "11  12/1/2001  185.9\n",
       "12   1/1/2002  194.3\n",
       "13   2/1/2002  149.5\n",
       "14   3/1/2002  210.1\n",
       "15   4/1/2002  273.3\n",
       "16   5/1/2002  191.4\n",
       "17   6/1/2002  287.0\n",
       "18   7/1/2002  226.0\n",
       "19   8/1/2002  303.6\n",
       "20   9/1/2002  289.9\n",
       "21  10/1/2002  421.6\n",
       "22  11/1/2002  264.5\n",
       "23  12/1/2002  342.3\n",
       "24   1/1/2003  339.7\n",
       "25   2/1/2003  440.4\n",
       "26   3/1/2003  315.9\n",
       "27   4/1/2003  439.3\n",
       "28   5/1/2003  401.3\n",
       "29   6/1/2003  437.4\n",
       "30   7/1/2003  575.5\n",
       "31   8/1/2003  407.6\n",
       "32   9/1/2003  682.0\n",
       "33  10/1/2003  475.3\n",
       "34  11/1/2003  581.3\n",
       "35  12/1/2003  646.9"
      ]
     },
     "execution_count": 3,
     "metadata": {},
     "output_type": "execute_result"
    }
   ],
   "source": [
    "series"
   ]
  },
  {
   "cell_type": "code",
   "execution_count": 4,
   "metadata": {},
   "outputs": [],
   "source": [
    "#Turning date into index\n",
    "series = pd.read_csv('shampoo-sales.csv', header=0, index_col=0, parse_dates=True, squeeze=True)"
   ]
  },
  {
   "cell_type": "code",
   "execution_count": 5,
   "metadata": {},
   "outputs": [
    {
     "data": {
      "text/plain": [
       "dtype('float64')"
      ]
     },
     "execution_count": 5,
     "metadata": {},
     "output_type": "execute_result"
    }
   ],
   "source": [
    "series.dtypes"
   ]
  },
  {
   "cell_type": "code",
   "execution_count": 6,
   "metadata": {},
   "outputs": [
    {
     "data": {
      "text/plain": [
       "(36,)"
      ]
     },
     "execution_count": 6,
     "metadata": {},
     "output_type": "execute_result"
    }
   ],
   "source": [
    "series.shape\n",
    "#36 values in total"
   ]
  },
  {
   "cell_type": "code",
   "execution_count": 10,
   "metadata": {},
   "outputs": [
    {
     "data": {
      "text/plain": [
       "Date\n",
       "2001-01-01    266.0\n",
       "2001-02-01    145.9\n",
       "2001-03-01    183.1\n",
       "2001-04-01    119.3\n",
       "2001-05-01    180.3\n",
       "2001-06-01    168.5\n",
       "2001-07-01    231.8\n",
       "2001-08-01    224.5\n",
       "2001-09-01    192.8\n",
       "2001-10-01    122.9\n",
       "2001-11-01    336.5\n",
       "2001-12-01    185.9\n",
       "2002-01-01    194.3\n",
       "2002-02-01    149.5\n",
       "2002-03-01    210.1\n",
       "2002-04-01    273.3\n",
       "2002-05-01    191.4\n",
       "2002-06-01    287.0\n",
       "2002-07-01    226.0\n",
       "2002-08-01    303.6\n",
       "2002-09-01    289.9\n",
       "2002-10-01    421.6\n",
       "2002-11-01    264.5\n",
       "2002-12-01    342.3\n",
       "2003-01-01    339.7\n",
       "2003-02-01    440.4\n",
       "2003-03-01    315.9\n",
       "2003-04-01    439.3\n",
       "2003-05-01    401.3\n",
       "2003-06-01    437.4\n",
       "2003-07-01    575.5\n",
       "2003-08-01    407.6\n",
       "2003-09-01    682.0\n",
       "2003-10-01    475.3\n",
       "2003-11-01    581.3\n",
       "2003-12-01    646.9\n",
       "Name: Sales, dtype: float64"
      ]
     },
     "execution_count": 10,
     "metadata": {},
     "output_type": "execute_result"
    }
   ],
   "source": [
    "series\n",
    "#data for 36 months"
   ]
  },
  {
   "cell_type": "code",
   "execution_count": 9,
   "metadata": {},
   "outputs": [
    {
     "data": {
      "text/plain": [
       "0"
      ]
     },
     "execution_count": 9,
     "metadata": {},
     "output_type": "execute_result"
    }
   ],
   "source": [
    "series.isnull().sum()\n",
    "#no null values"
   ]
  },
  {
   "cell_type": "code",
   "execution_count": 11,
   "metadata": {},
   "outputs": [
    {
     "data": {
      "text/plain": [
       "count     36.000000\n",
       "mean     312.600000\n",
       "std      148.937164\n",
       "min      119.300000\n",
       "25%      192.450000\n",
       "50%      280.150000\n",
       "75%      411.100000\n",
       "max      682.000000\n",
       "Name: Sales, dtype: float64"
      ]
     },
     "execution_count": 11,
     "metadata": {},
     "output_type": "execute_result"
    }
   ],
   "source": [
    "series.describe()"
   ]
  },
  {
   "cell_type": "markdown",
   "metadata": {},
   "source": [
    "## Creating Supervised Learning Problem \n",
    "### Taking a Lag of 3 to start with"
   ]
  },
  {
   "cell_type": "code",
   "execution_count": 14,
   "metadata": {},
   "outputs": [],
   "source": [
    "lagseries = series.shift(1)\n",
    "lagseries2 = series.shift(2)\n",
    "lagseries3 = series.shift(3)\n",
    "#playing with different lagged/shifted values"
   ]
  },
  {
   "cell_type": "code",
   "execution_count": 15,
   "metadata": {},
   "outputs": [
    {
     "name": "stdout",
     "output_type": "stream",
     "text": [
      "Date\n",
      "2001-01-01    266.0\n",
      "2001-02-01    145.9\n",
      "2001-03-01    183.1\n",
      "2001-04-01    119.3\n",
      "2001-05-01    180.3\n",
      "2001-06-01    168.5\n",
      "2001-07-01    231.8\n",
      "2001-08-01    224.5\n",
      "2001-09-01    192.8\n",
      "2001-10-01    122.9\n",
      "2001-11-01    336.5\n",
      "2001-12-01    185.9\n",
      "2002-01-01    194.3\n",
      "2002-02-01    149.5\n",
      "2002-03-01    210.1\n",
      "2002-04-01    273.3\n",
      "2002-05-01    191.4\n",
      "2002-06-01    287.0\n",
      "2002-07-01    226.0\n",
      "2002-08-01    303.6\n",
      "2002-09-01    289.9\n",
      "2002-10-01    421.6\n",
      "2002-11-01    264.5\n",
      "2002-12-01    342.3\n",
      "2003-01-01    339.7\n",
      "2003-02-01    440.4\n",
      "2003-03-01    315.9\n",
      "2003-04-01    439.3\n",
      "2003-05-01    401.3\n",
      "2003-06-01    437.4\n",
      "2003-07-01    575.5\n",
      "2003-08-01    407.6\n",
      "2003-09-01    682.0\n",
      "2003-10-01    475.3\n",
      "2003-11-01    581.3\n",
      "2003-12-01    646.9\n",
      "Name: Sales, dtype: float64 Date\n",
      "2001-01-01      NaN\n",
      "2001-02-01    266.0\n",
      "2001-03-01    145.9\n",
      "2001-04-01    183.1\n",
      "2001-05-01    119.3\n",
      "2001-06-01    180.3\n",
      "2001-07-01    168.5\n",
      "2001-08-01    231.8\n",
      "2001-09-01    224.5\n",
      "2001-10-01    192.8\n",
      "2001-11-01    122.9\n",
      "2001-12-01    336.5\n",
      "2002-01-01    185.9\n",
      "2002-02-01    194.3\n",
      "2002-03-01    149.5\n",
      "2002-04-01    210.1\n",
      "2002-05-01    273.3\n",
      "2002-06-01    191.4\n",
      "2002-07-01    287.0\n",
      "2002-08-01    226.0\n",
      "2002-09-01    303.6\n",
      "2002-10-01    289.9\n",
      "2002-11-01    421.6\n",
      "2002-12-01    264.5\n",
      "2003-01-01    342.3\n",
      "2003-02-01    339.7\n",
      "2003-03-01    440.4\n",
      "2003-04-01    315.9\n",
      "2003-05-01    439.3\n",
      "2003-06-01    401.3\n",
      "2003-07-01    437.4\n",
      "2003-08-01    575.5\n",
      "2003-09-01    407.6\n",
      "2003-10-01    682.0\n",
      "2003-11-01    475.3\n",
      "2003-12-01    581.3\n",
      "Name: Sales, dtype: float64 Date\n",
      "2001-01-01      NaN\n",
      "2001-02-01      NaN\n",
      "2001-03-01    266.0\n",
      "2001-04-01    145.9\n",
      "2001-05-01    183.1\n",
      "2001-06-01    119.3\n",
      "2001-07-01    180.3\n",
      "2001-08-01    168.5\n",
      "2001-09-01    231.8\n",
      "2001-10-01    224.5\n",
      "2001-11-01    192.8\n",
      "2001-12-01    122.9\n",
      "2002-01-01    336.5\n",
      "2002-02-01    185.9\n",
      "2002-03-01    194.3\n",
      "2002-04-01    149.5\n",
      "2002-05-01    210.1\n",
      "2002-06-01    273.3\n",
      "2002-07-01    191.4\n",
      "2002-08-01    287.0\n",
      "2002-09-01    226.0\n",
      "2002-10-01    303.6\n",
      "2002-11-01    289.9\n",
      "2002-12-01    421.6\n",
      "2003-01-01    264.5\n",
      "2003-02-01    342.3\n",
      "2003-03-01    339.7\n",
      "2003-04-01    440.4\n",
      "2003-05-01    315.9\n",
      "2003-06-01    439.3\n",
      "2003-07-01    401.3\n",
      "2003-08-01    437.4\n",
      "2003-09-01    575.5\n",
      "2003-10-01    407.6\n",
      "2003-11-01    682.0\n",
      "2003-12-01    475.3\n",
      "Name: Sales, dtype: float64 Date\n",
      "2001-01-01      NaN\n",
      "2001-02-01      NaN\n",
      "2001-03-01      NaN\n",
      "2001-04-01    266.0\n",
      "2001-05-01    145.9\n",
      "2001-06-01    183.1\n",
      "2001-07-01    119.3\n",
      "2001-08-01    180.3\n",
      "2001-09-01    168.5\n",
      "2001-10-01    231.8\n",
      "2001-11-01    224.5\n",
      "2001-12-01    192.8\n",
      "2002-01-01    122.9\n",
      "2002-02-01    336.5\n",
      "2002-03-01    185.9\n",
      "2002-04-01    194.3\n",
      "2002-05-01    149.5\n",
      "2002-06-01    210.1\n",
      "2002-07-01    273.3\n",
      "2002-08-01    191.4\n",
      "2002-09-01    287.0\n",
      "2002-10-01    226.0\n",
      "2002-11-01    303.6\n",
      "2002-12-01    289.9\n",
      "2003-01-01    421.6\n",
      "2003-02-01    264.5\n",
      "2003-03-01    342.3\n",
      "2003-04-01    339.7\n",
      "2003-05-01    440.4\n",
      "2003-06-01    315.9\n",
      "2003-07-01    439.3\n",
      "2003-08-01    401.3\n",
      "2003-09-01    437.4\n",
      "2003-10-01    575.5\n",
      "2003-11-01    407.6\n",
      "2003-12-01    682.0\n",
      "Name: Sales, dtype: float64\n"
     ]
    }
   ],
   "source": [
    "print(series, lagseries, lagseries2, lagseries3)"
   ]
  },
  {
   "cell_type": "code",
   "execution_count": 23,
   "metadata": {},
   "outputs": [],
   "source": [
    "FullData = pd.concat([lagseries3, lagseries2, lagseries, series], axis=1)\n",
    "#concatenated dataset\n",
    "shampoosales = pd.DataFrame(FullData.values)"
   ]
  },
  {
   "cell_type": "code",
   "execution_count": 24,
   "metadata": {},
   "outputs": [],
   "source": [
    "shampoosales.columns = ['t-3', 't-2', 't-1', 't']"
   ]
  },
  {
   "cell_type": "code",
   "execution_count": 25,
   "metadata": {},
   "outputs": [
    {
     "data": {
      "text/html": [
       "<div>\n",
       "<style scoped>\n",
       "    .dataframe tbody tr th:only-of-type {\n",
       "        vertical-align: middle;\n",
       "    }\n",
       "\n",
       "    .dataframe tbody tr th {\n",
       "        vertical-align: top;\n",
       "    }\n",
       "\n",
       "    .dataframe thead th {\n",
       "        text-align: right;\n",
       "    }\n",
       "</style>\n",
       "<table border=\"1\" class=\"dataframe\">\n",
       "  <thead>\n",
       "    <tr style=\"text-align: right;\">\n",
       "      <th></th>\n",
       "      <th>t-3</th>\n",
       "      <th>t-2</th>\n",
       "      <th>t-1</th>\n",
       "      <th>t</th>\n",
       "    </tr>\n",
       "  </thead>\n",
       "  <tbody>\n",
       "    <tr>\n",
       "      <th>0</th>\n",
       "      <td>NaN</td>\n",
       "      <td>NaN</td>\n",
       "      <td>NaN</td>\n",
       "      <td>266.0</td>\n",
       "    </tr>\n",
       "    <tr>\n",
       "      <th>1</th>\n",
       "      <td>NaN</td>\n",
       "      <td>NaN</td>\n",
       "      <td>266.0</td>\n",
       "      <td>145.9</td>\n",
       "    </tr>\n",
       "    <tr>\n",
       "      <th>2</th>\n",
       "      <td>NaN</td>\n",
       "      <td>266.0</td>\n",
       "      <td>145.9</td>\n",
       "      <td>183.1</td>\n",
       "    </tr>\n",
       "    <tr>\n",
       "      <th>3</th>\n",
       "      <td>266.0</td>\n",
       "      <td>145.9</td>\n",
       "      <td>183.1</td>\n",
       "      <td>119.3</td>\n",
       "    </tr>\n",
       "    <tr>\n",
       "      <th>4</th>\n",
       "      <td>145.9</td>\n",
       "      <td>183.1</td>\n",
       "      <td>119.3</td>\n",
       "      <td>180.3</td>\n",
       "    </tr>\n",
       "    <tr>\n",
       "      <th>5</th>\n",
       "      <td>183.1</td>\n",
       "      <td>119.3</td>\n",
       "      <td>180.3</td>\n",
       "      <td>168.5</td>\n",
       "    </tr>\n",
       "    <tr>\n",
       "      <th>6</th>\n",
       "      <td>119.3</td>\n",
       "      <td>180.3</td>\n",
       "      <td>168.5</td>\n",
       "      <td>231.8</td>\n",
       "    </tr>\n",
       "    <tr>\n",
       "      <th>7</th>\n",
       "      <td>180.3</td>\n",
       "      <td>168.5</td>\n",
       "      <td>231.8</td>\n",
       "      <td>224.5</td>\n",
       "    </tr>\n",
       "    <tr>\n",
       "      <th>8</th>\n",
       "      <td>168.5</td>\n",
       "      <td>231.8</td>\n",
       "      <td>224.5</td>\n",
       "      <td>192.8</td>\n",
       "    </tr>\n",
       "    <tr>\n",
       "      <th>9</th>\n",
       "      <td>231.8</td>\n",
       "      <td>224.5</td>\n",
       "      <td>192.8</td>\n",
       "      <td>122.9</td>\n",
       "    </tr>\n",
       "    <tr>\n",
       "      <th>10</th>\n",
       "      <td>224.5</td>\n",
       "      <td>192.8</td>\n",
       "      <td>122.9</td>\n",
       "      <td>336.5</td>\n",
       "    </tr>\n",
       "    <tr>\n",
       "      <th>11</th>\n",
       "      <td>192.8</td>\n",
       "      <td>122.9</td>\n",
       "      <td>336.5</td>\n",
       "      <td>185.9</td>\n",
       "    </tr>\n",
       "    <tr>\n",
       "      <th>12</th>\n",
       "      <td>122.9</td>\n",
       "      <td>336.5</td>\n",
       "      <td>185.9</td>\n",
       "      <td>194.3</td>\n",
       "    </tr>\n",
       "    <tr>\n",
       "      <th>13</th>\n",
       "      <td>336.5</td>\n",
       "      <td>185.9</td>\n",
       "      <td>194.3</td>\n",
       "      <td>149.5</td>\n",
       "    </tr>\n",
       "    <tr>\n",
       "      <th>14</th>\n",
       "      <td>185.9</td>\n",
       "      <td>194.3</td>\n",
       "      <td>149.5</td>\n",
       "      <td>210.1</td>\n",
       "    </tr>\n",
       "    <tr>\n",
       "      <th>15</th>\n",
       "      <td>194.3</td>\n",
       "      <td>149.5</td>\n",
       "      <td>210.1</td>\n",
       "      <td>273.3</td>\n",
       "    </tr>\n",
       "    <tr>\n",
       "      <th>16</th>\n",
       "      <td>149.5</td>\n",
       "      <td>210.1</td>\n",
       "      <td>273.3</td>\n",
       "      <td>191.4</td>\n",
       "    </tr>\n",
       "    <tr>\n",
       "      <th>17</th>\n",
       "      <td>210.1</td>\n",
       "      <td>273.3</td>\n",
       "      <td>191.4</td>\n",
       "      <td>287.0</td>\n",
       "    </tr>\n",
       "    <tr>\n",
       "      <th>18</th>\n",
       "      <td>273.3</td>\n",
       "      <td>191.4</td>\n",
       "      <td>287.0</td>\n",
       "      <td>226.0</td>\n",
       "    </tr>\n",
       "    <tr>\n",
       "      <th>19</th>\n",
       "      <td>191.4</td>\n",
       "      <td>287.0</td>\n",
       "      <td>226.0</td>\n",
       "      <td>303.6</td>\n",
       "    </tr>\n",
       "    <tr>\n",
       "      <th>20</th>\n",
       "      <td>287.0</td>\n",
       "      <td>226.0</td>\n",
       "      <td>303.6</td>\n",
       "      <td>289.9</td>\n",
       "    </tr>\n",
       "    <tr>\n",
       "      <th>21</th>\n",
       "      <td>226.0</td>\n",
       "      <td>303.6</td>\n",
       "      <td>289.9</td>\n",
       "      <td>421.6</td>\n",
       "    </tr>\n",
       "    <tr>\n",
       "      <th>22</th>\n",
       "      <td>303.6</td>\n",
       "      <td>289.9</td>\n",
       "      <td>421.6</td>\n",
       "      <td>264.5</td>\n",
       "    </tr>\n",
       "    <tr>\n",
       "      <th>23</th>\n",
       "      <td>289.9</td>\n",
       "      <td>421.6</td>\n",
       "      <td>264.5</td>\n",
       "      <td>342.3</td>\n",
       "    </tr>\n",
       "    <tr>\n",
       "      <th>24</th>\n",
       "      <td>421.6</td>\n",
       "      <td>264.5</td>\n",
       "      <td>342.3</td>\n",
       "      <td>339.7</td>\n",
       "    </tr>\n",
       "    <tr>\n",
       "      <th>25</th>\n",
       "      <td>264.5</td>\n",
       "      <td>342.3</td>\n",
       "      <td>339.7</td>\n",
       "      <td>440.4</td>\n",
       "    </tr>\n",
       "    <tr>\n",
       "      <th>26</th>\n",
       "      <td>342.3</td>\n",
       "      <td>339.7</td>\n",
       "      <td>440.4</td>\n",
       "      <td>315.9</td>\n",
       "    </tr>\n",
       "    <tr>\n",
       "      <th>27</th>\n",
       "      <td>339.7</td>\n",
       "      <td>440.4</td>\n",
       "      <td>315.9</td>\n",
       "      <td>439.3</td>\n",
       "    </tr>\n",
       "    <tr>\n",
       "      <th>28</th>\n",
       "      <td>440.4</td>\n",
       "      <td>315.9</td>\n",
       "      <td>439.3</td>\n",
       "      <td>401.3</td>\n",
       "    </tr>\n",
       "    <tr>\n",
       "      <th>29</th>\n",
       "      <td>315.9</td>\n",
       "      <td>439.3</td>\n",
       "      <td>401.3</td>\n",
       "      <td>437.4</td>\n",
       "    </tr>\n",
       "    <tr>\n",
       "      <th>30</th>\n",
       "      <td>439.3</td>\n",
       "      <td>401.3</td>\n",
       "      <td>437.4</td>\n",
       "      <td>575.5</td>\n",
       "    </tr>\n",
       "    <tr>\n",
       "      <th>31</th>\n",
       "      <td>401.3</td>\n",
       "      <td>437.4</td>\n",
       "      <td>575.5</td>\n",
       "      <td>407.6</td>\n",
       "    </tr>\n",
       "    <tr>\n",
       "      <th>32</th>\n",
       "      <td>437.4</td>\n",
       "      <td>575.5</td>\n",
       "      <td>407.6</td>\n",
       "      <td>682.0</td>\n",
       "    </tr>\n",
       "    <tr>\n",
       "      <th>33</th>\n",
       "      <td>575.5</td>\n",
       "      <td>407.6</td>\n",
       "      <td>682.0</td>\n",
       "      <td>475.3</td>\n",
       "    </tr>\n",
       "    <tr>\n",
       "      <th>34</th>\n",
       "      <td>407.6</td>\n",
       "      <td>682.0</td>\n",
       "      <td>475.3</td>\n",
       "      <td>581.3</td>\n",
       "    </tr>\n",
       "    <tr>\n",
       "      <th>35</th>\n",
       "      <td>682.0</td>\n",
       "      <td>475.3</td>\n",
       "      <td>581.3</td>\n",
       "      <td>646.9</td>\n",
       "    </tr>\n",
       "  </tbody>\n",
       "</table>\n",
       "</div>"
      ],
      "text/plain": [
       "      t-3    t-2    t-1      t\n",
       "0     NaN    NaN    NaN  266.0\n",
       "1     NaN    NaN  266.0  145.9\n",
       "2     NaN  266.0  145.9  183.1\n",
       "3   266.0  145.9  183.1  119.3\n",
       "4   145.9  183.1  119.3  180.3\n",
       "5   183.1  119.3  180.3  168.5\n",
       "6   119.3  180.3  168.5  231.8\n",
       "7   180.3  168.5  231.8  224.5\n",
       "8   168.5  231.8  224.5  192.8\n",
       "9   231.8  224.5  192.8  122.9\n",
       "10  224.5  192.8  122.9  336.5\n",
       "11  192.8  122.9  336.5  185.9\n",
       "12  122.9  336.5  185.9  194.3\n",
       "13  336.5  185.9  194.3  149.5\n",
       "14  185.9  194.3  149.5  210.1\n",
       "15  194.3  149.5  210.1  273.3\n",
       "16  149.5  210.1  273.3  191.4\n",
       "17  210.1  273.3  191.4  287.0\n",
       "18  273.3  191.4  287.0  226.0\n",
       "19  191.4  287.0  226.0  303.6\n",
       "20  287.0  226.0  303.6  289.9\n",
       "21  226.0  303.6  289.9  421.6\n",
       "22  303.6  289.9  421.6  264.5\n",
       "23  289.9  421.6  264.5  342.3\n",
       "24  421.6  264.5  342.3  339.7\n",
       "25  264.5  342.3  339.7  440.4\n",
       "26  342.3  339.7  440.4  315.9\n",
       "27  339.7  440.4  315.9  439.3\n",
       "28  440.4  315.9  439.3  401.3\n",
       "29  315.9  439.3  401.3  437.4\n",
       "30  439.3  401.3  437.4  575.5\n",
       "31  401.3  437.4  575.5  407.6\n",
       "32  437.4  575.5  407.6  682.0\n",
       "33  575.5  407.6  682.0  475.3\n",
       "34  407.6  682.0  475.3  581.3\n",
       "35  682.0  475.3  581.3  646.9"
      ]
     },
     "execution_count": 25,
     "metadata": {},
     "output_type": "execute_result"
    }
   ],
   "source": [
    "shampoosales\n",
    "#dataset to play with"
   ]
  },
  {
   "cell_type": "code",
   "execution_count": 42,
   "metadata": {},
   "outputs": [
    {
     "name": "stdout",
     "output_type": "stream",
     "text": [
      "    mean(t-2,t-1)      t\n",
      "0             NaN  266.0\n",
      "1             NaN  145.9\n",
      "2          205.95  183.1\n",
      "3          164.50  119.3\n",
      "4          151.20  180.3\n",
      "5          149.80  168.5\n",
      "6          174.40  231.8\n",
      "7          200.15  224.5\n",
      "8          228.15  192.8\n",
      "9          208.65  122.9\n",
      "10         157.85  336.5\n",
      "11         229.70  185.9\n",
      "12         261.20  194.3\n",
      "13         190.10  149.5\n",
      "14         171.90  210.1\n",
      "15         179.80  273.3\n",
      "16         241.70  191.4\n",
      "17         232.35  287.0\n",
      "18         239.20  226.0\n",
      "19         256.50  303.6\n",
      "20         264.80  289.9\n",
      "21         296.75  421.6\n",
      "22         355.75  264.5\n",
      "23         343.05  342.3\n",
      "24         303.40  339.7\n",
      "25         341.00  440.4\n",
      "26         390.05  315.9\n",
      "27         378.15  439.3\n",
      "28         377.60  401.3\n",
      "29         420.30  437.4\n",
      "30         419.35  575.5\n",
      "31         506.45  407.6\n",
      "32         491.55  682.0\n",
      "33         544.80  475.3\n",
      "34         578.65  581.3\n",
      "35         528.30  646.9\n",
      "    mean(t-3, t-2, t-1)      t\n",
      "0                   NaN  266.0\n",
      "1                   NaN  145.9\n",
      "2                   NaN  183.1\n",
      "3            198.333333  119.3\n",
      "4            149.433333  180.3\n",
      "5            160.900000  168.5\n",
      "6            156.033333  231.8\n",
      "7            193.533333  224.5\n",
      "8            208.266667  192.8\n",
      "9            216.366667  122.9\n",
      "10           180.066667  336.5\n",
      "11           217.400000  185.9\n",
      "12           215.100000  194.3\n",
      "13           238.900000  149.5\n",
      "14           176.566667  210.1\n",
      "15           184.633333  273.3\n",
      "16           210.966667  191.4\n",
      "17           224.933333  287.0\n",
      "18           250.566667  226.0\n",
      "19           234.800000  303.6\n",
      "20           272.200000  289.9\n",
      "21           273.166667  421.6\n",
      "22           338.366667  264.5\n",
      "23           325.333333  342.3\n",
      "24           342.800000  339.7\n",
      "25           315.500000  440.4\n",
      "26           374.133333  315.9\n",
      "27           365.333333  439.3\n",
      "28           398.533333  401.3\n",
      "29           385.500000  437.4\n",
      "30           426.000000  575.5\n",
      "31           471.400000  407.6\n",
      "32           473.500000  682.0\n",
      "33           555.033333  475.3\n",
      "34           521.633333  581.3\n",
      "35           579.533333  646.9\n"
     ]
    }
   ],
   "source": [
    "#Trying rolling mean method with window 2 and 3\n",
    "shampsales = pd.DataFrame(series.values)\n",
    "window2 = shifted.rolling(window=2)\n",
    "window3 = shifted.rolling(window=3)\n",
    "means=window2.mean()\n",
    "avg = window3.mean()\n",
    "rwindow2 = pd.concat([means, shampsales],axis=1)\n",
    "rwindow3 = pd.concat([avg, shampsales], axis=1)\n",
    "rwindow2.columns = ['mean(t-2,t-1)', 't']\n",
    "rwindow3.columns = ['mean(t-3, t-2, t-1)', 't']\n",
    "print(rwindow2)\n",
    "print(rwindow3)"
   ]
  },
  {
   "cell_type": "code",
   "execution_count": 43,
   "metadata": {},
   "outputs": [],
   "source": [
    "#Description of Rolling Window Derived Data\n",
    "descwindow2 = pd.concat([window2.min(), window2.mean(), window2.max(), shampsales], axis=1)\n",
    "descwindow3 = pd.concat([window3.min(), window3.mean(), window3.max(), shampsales], axis=1)\n",
    "descwindow2.columns = ['min', 'mean', 'max', 't']\n",
    "descwindow3.columns = ['min', 'mean', 'max', 't']"
   ]
  },
  {
   "cell_type": "code",
   "execution_count": 44,
   "metadata": {},
   "outputs": [
    {
     "name": "stdout",
     "output_type": "stream",
     "text": [
      "      min    mean    max      t\n",
      "0     NaN     NaN    NaN  266.0\n",
      "1     NaN     NaN    NaN  145.9\n",
      "2   145.9  205.95  266.0  183.1\n",
      "3   145.9  164.50  183.1  119.3\n",
      "4   119.3  151.20  183.1  180.3\n",
      "5   119.3  149.80  180.3  168.5\n",
      "6   168.5  174.40  180.3  231.8\n",
      "7   168.5  200.15  231.8  224.5\n",
      "8   224.5  228.15  231.8  192.8\n",
      "9   192.8  208.65  224.5  122.9\n",
      "10  122.9  157.85  192.8  336.5\n",
      "11  122.9  229.70  336.5  185.9\n",
      "12  185.9  261.20  336.5  194.3\n",
      "13  185.9  190.10  194.3  149.5\n",
      "14  149.5  171.90  194.3  210.1\n",
      "15  149.5  179.80  210.1  273.3\n",
      "16  210.1  241.70  273.3  191.4\n",
      "17  191.4  232.35  273.3  287.0\n",
      "18  191.4  239.20  287.0  226.0\n",
      "19  226.0  256.50  287.0  303.6\n",
      "20  226.0  264.80  303.6  289.9\n",
      "21  289.9  296.75  303.6  421.6\n",
      "22  289.9  355.75  421.6  264.5\n",
      "23  264.5  343.05  421.6  342.3\n",
      "24  264.5  303.40  342.3  339.7\n",
      "25  339.7  341.00  342.3  440.4\n",
      "26  339.7  390.05  440.4  315.9\n",
      "27  315.9  378.15  440.4  439.3\n",
      "28  315.9  377.60  439.3  401.3\n",
      "29  401.3  420.30  439.3  437.4\n",
      "30  401.3  419.35  437.4  575.5\n",
      "31  437.4  506.45  575.5  407.6\n",
      "32  407.6  491.55  575.5  682.0\n",
      "33  407.6  544.80  682.0  475.3\n",
      "34  475.3  578.65  682.0  581.3\n",
      "35  475.3  528.30  581.3  646.9\n"
     ]
    }
   ],
   "source": [
    "print(descwindow2)"
   ]
  },
  {
   "cell_type": "code",
   "execution_count": 45,
   "metadata": {},
   "outputs": [
    {
     "name": "stdout",
     "output_type": "stream",
     "text": [
      "      min        mean    max      t\n",
      "0     NaN         NaN    NaN  266.0\n",
      "1     NaN         NaN    NaN  145.9\n",
      "2     NaN         NaN    NaN  183.1\n",
      "3   145.9  198.333333  266.0  119.3\n",
      "4   119.3  149.433333  183.1  180.3\n",
      "5   119.3  160.900000  183.1  168.5\n",
      "6   119.3  156.033333  180.3  231.8\n",
      "7   168.5  193.533333  231.8  224.5\n",
      "8   168.5  208.266667  231.8  192.8\n",
      "9   192.8  216.366667  231.8  122.9\n",
      "10  122.9  180.066667  224.5  336.5\n",
      "11  122.9  217.400000  336.5  185.9\n",
      "12  122.9  215.100000  336.5  194.3\n",
      "13  185.9  238.900000  336.5  149.5\n",
      "14  149.5  176.566667  194.3  210.1\n",
      "15  149.5  184.633333  210.1  273.3\n",
      "16  149.5  210.966667  273.3  191.4\n",
      "17  191.4  224.933333  273.3  287.0\n",
      "18  191.4  250.566667  287.0  226.0\n",
      "19  191.4  234.800000  287.0  303.6\n",
      "20  226.0  272.200000  303.6  289.9\n",
      "21  226.0  273.166667  303.6  421.6\n",
      "22  289.9  338.366667  421.6  264.5\n",
      "23  264.5  325.333333  421.6  342.3\n",
      "24  264.5  342.800000  421.6  339.7\n",
      "25  264.5  315.500000  342.3  440.4\n",
      "26  339.7  374.133333  440.4  315.9\n",
      "27  315.9  365.333333  440.4  439.3\n",
      "28  315.9  398.533333  440.4  401.3\n",
      "29  315.9  385.500000  439.3  437.4\n",
      "30  401.3  426.000000  439.3  575.5\n",
      "31  401.3  471.400000  575.5  407.6\n",
      "32  407.6  473.500000  575.5  682.0\n",
      "33  407.6  555.033333  682.0  475.3\n",
      "34  407.6  521.633333  682.0  581.3\n",
      "35  475.3  579.533333  682.0  646.9\n"
     ]
    }
   ],
   "source": [
    "print(descwindow3)"
   ]
  },
  {
   "cell_type": "code",
   "execution_count": 46,
   "metadata": {},
   "outputs": [
    {
     "name": "stdout",
     "output_type": "stream",
     "text": [
      "     min        mean    max      t\n",
      "0  266.0  266.000000  266.0  145.9\n",
      "1  145.9  205.950000  266.0  183.1\n",
      "2  145.9  198.333333  266.0  119.3\n",
      "3  119.3  178.575000  266.0  180.3\n",
      "4  119.3  178.920000  266.0  168.5\n"
     ]
    }
   ],
   "source": [
    "#Trying expanding window Method\n",
    "expwindow = shampsales.expanding()\n",
    "dataframe = pd.concat([expwindow.min(), expwindow.mean(), expwindow.max(), shampsales.shift(-1)], axis=1)\n",
    "dataframe.columns = ['min', 'mean', 'max', 't']\n",
    "print(dataframe.head(5))"
   ]
  },
  {
   "cell_type": "code",
   "execution_count": 50,
   "metadata": {},
   "outputs": [
    {
     "data": {
      "text/plain": [
       "Date\n",
       "2001-01-01    266.0\n",
       "2001-02-01    145.9\n",
       "2001-03-01    183.1\n",
       "2001-04-01    119.3\n",
       "2001-05-01    180.3\n",
       "2001-06-01    168.5\n",
       "2001-07-01    231.8\n",
       "2001-08-01    224.5\n",
       "2001-09-01    192.8\n",
       "2001-10-01    122.9\n",
       "2001-11-01    336.5\n",
       "2001-12-01    185.9\n",
       "2002-01-01    194.3\n",
       "2002-02-01    149.5\n",
       "2002-03-01    210.1\n",
       "2002-04-01    273.3\n",
       "2002-05-01    191.4\n",
       "2002-06-01    287.0\n",
       "2002-07-01    226.0\n",
       "2002-08-01    303.6\n",
       "2002-09-01    289.9\n",
       "2002-10-01    421.6\n",
       "2002-11-01    264.5\n",
       "2002-12-01    342.3\n",
       "2003-01-01    339.7\n",
       "2003-02-01    440.4\n",
       "2003-03-01    315.9\n",
       "2003-04-01    439.3\n",
       "2003-05-01    401.3\n",
       "2003-06-01    437.4\n",
       "2003-07-01    575.5\n",
       "2003-08-01    407.6\n",
       "2003-09-01    682.0\n",
       "2003-10-01    475.3\n",
       "2003-11-01    581.3\n",
       "2003-12-01    646.9\n",
       "Name: Sales, dtype: float64"
      ]
     },
     "execution_count": 50,
     "metadata": {},
     "output_type": "execute_result"
    }
   ],
   "source": [
    "#Currently there are 36 values which compiles 3 years worth of data (2001-3)\n",
    "series"
   ]
  },
  {
   "cell_type": "code",
   "execution_count": 51,
   "metadata": {},
   "outputs": [
    {
     "data": {
      "text/plain": [
       "<AxesSubplot:xlabel='Date'>"
      ]
     },
     "execution_count": 51,
     "metadata": {},
     "output_type": "execute_result"
    },
    {
     "data": {
